0x80: 00 00 00 00 00 00 00 00 00 00 00 00 00 00 00 00 
0x90: 00 00 00 00 00 00 00 00 00 00 00 00 00 00 00 00 
0xa0: 00 00 00 00 00 00 00 00 00 00 00 00 00 00 00 00 
0xb0: 00 00 00 00 00 00 00 00 00 00 00 00 00 00 00 00 
0xc0: 00 00 00 00 00 00 00 00 00 00 00 00 00 00 00 00 
0xd0: 00 00 00 00 00 00 00 00 00 00 00 00 00 00 00 00 
0xe0: 00 00 00 00 00 00 00 00 00 00 00 00 00 00 00 00 
0xf0: 00 00 00 00 00 00 00 00 00 00 00 00 00 00 00 00 
0x100: 11 11 11 11 11 11 11 11 22 22 22 22 22 22 22 22 
0x110: 33 33 33 33 33 33 33 33 44 44 44 44 44 44 44 44 
0x120: 55 55 55 55 55 55 55 55 66 66 66 66 66 66 66 66 
0x130: 77 77 77 77 77 77 77 77 88 88 88 88 88 88 88 88 
0x140: 00 00 00 00 00 00 00 00 00 00 00 00 00 00 00 00 
0x150: 00 00 00 00 00 00 00 00 00 00 00 00 00 00 00 00 
0x160: 00 00 00 00 00 00 00 00 00 00 00 00 00 00 00 00 
0x170: 00 00 00 00 00 00 00 00 00 00 00 00 00 00 00 00 
